rus.nest.df <- list(list("LKOH", c("2022-02-07", "2023-05-19"),
                         c("2023-05-18", "2024-03-29"), c(1, 2)),
                    list("FESH", c("2022-08-01"), c("2024-03-29"), c(100)),
                    list("ABRD", c("2022-06-30"), c("2024-03-29"), c(30)),
                    list("AKRN", c("2022-06-17"), c("2024-03-29"), c(1)),
                    list("GCHE", c("2022-06-30"), c("2024-03-29"), c(2)),
                    list("UPRO", c("2022-07-11", "2022-10-04"),
                         c("2022-10-03", "2024-03-29"), c(3000, 4000)),
                    list("OZON", c("2022-06-30"), c("2024-03-29"), c(7)),
                    list("MDMG", c("2022-07-11"), c("2024-03-29"), c(12)),
                    list("RASP", c("2022-05-10", "2022-07-27"),
                         c("2022-07-26", "2024-03-29"), c(10, 20)),
                    list("MGNT", c("2022-02-18", "2023-05-19"),
                         c("2022-05-18", "2024-03-29"), c(1, 2)),
                    list("BELU", c("2022-06-30"), c("2024-03-29"), c(2)),
                    list("DIOD", c("2022-07-05"), c("2024-03-29"), c(800)),
                    list("BRZL", c("2022-07-26"), c("2024-03-29"), c(5)),
                    list("TTLK", c("2022-07-25"), c("2024-03-29"), c(10000)),
                    list("QIWI", c("2022-02-18", "2023-05-10"),
                         c("2023-05-09", "2024-03-29"), c(9, 16)),
                    list("PHOR", c("2022-02-07"), c("2024-03-29"), c(1)),
                    list("MAGN", c("2022-02-18", "2023-05-19"),
                         c("2023-05-18", "2024-03-29"), c(80, 160)),
                    list("NVTK", c("2022-02-07", "2023-06-20", "2024-02-05"),
                         c("2023-06-19", "2024-02-04", "2024-03-29"),
                         c(3, 5, 10)),
                    list("PIKK", c("2022-02-10", "2024-02-05"),
                         c("2024-02-04", "2024-03-29"), c(6, 10)))
